17632408
05231487
48376012
76021483
86047235
54863170
48106735
15467208
63174802
16432705
73082561
05271483
64201387
41538067
62753408
52813047
76031254
05216837
72581043
87564203
68437521
30867245
03246581
01624385
56180273
40271385
20486153
75824301
76851204
48753601
04386215
23405187
07841256
17832064
04631752
43865021
42731865
70824613
47831620
02186375
37281654
07386412
48621750
31564807
32406817
31426580
62703854
16758342
03827514
72186435
56203184
25360741
12085634
65702813
31567024
83025746
35827604
83762015
85471620
47605813
10865372
75801634
06324158
50234678
13867052
85642107
34865720
06478512
51208734
68347510
64301827
68430175
10857234
37145286
78215406
60314725
35608124
70231854
51607483
38725401
51604278
04652387
15723608
85317620
73605421
64027813
06321478
74605831
04123687
43701856
08412653
42738015
62178035
67524038
46728051
58172043
04168752
17842063
07841562
02871435
18753426
80723541
60452837
28360754
05743621
71604258
25471068
42635107
74813602
15807426
74831602
63140275
65803174
57364082
12670384
17603428
74610358
36275801
12643705
43618025
47238165
04163587
80142635
56187320
12085634
85146072
76081534
62738405
60234875
21807534
78154630
36752041
82075136
87325106
47608523
13572680
83510264
15480362
12063457
02834617
13076254
31872065
07651243
86102574
80362147
70163824
07543128
56831024
34051268
63410825
01586473
78651024
68125370
21804675
54071286
84631052
64130857
54270861
03581246
06483751
81706532
41075263
23014865
54312760
30428157
38451607
62053478
65873014
10637452
61780254
40312578
51206347
06741528
58146372
46531078
58421036
30128576
32786015
84103527
17235684
72048513
14635870
57164280
15743268
21830475
68025473
51782630
84236710
82410675
74103682
01736428
24138570
68057124
60583472
12068345
23874150
08712453
51032867
21857630
38560742
83452067
41750368
64732158
61523748
46503781
51834760
76018352
68371402
04572863
21874653
46501837
25470368
80635472
62347105
48356702
63182054
20163458
05843261
81245670
01436752
25864731
85130472
05621843
65847210
64735801
24537610
50417632
13865047
37461825
70851324
53481027
62734580
16275803
86537401
61307245
62703148
46178530
67140523
60152437
12045673
16870245
83241067
05461378
50762481
20731865
87160524
23647810
46035821
15602473
35786140
03285674
25168074
51732860
52374608
32751604
48510732
38506427
74180652
54163072
12653480
31426580
83102647
30251764
87261045
24637510
78541362
84327610
68502137
45012736
42815370
42816370
84675213
34802615
82350714
43518762
62150437
37510248
57143206
60743251
48360215
06153742
10652783
74531860
30582416
14678235
71825430
71684023
02847156
42501763
46370258
26705438
38452106
07283561
18356042
03641287
76081532
31764805
82135604
63812740
64108372
46250173
50617842
57083264
41820563
01546782
23506478
51736820
75024316
82470153
10835472
23840167
24761058
58417603
46837025
73581062
61028543
60352478
81356074
35721680
43682175
24375618
05842763
27640183
12604837
72803465
56241783
41703586
52136470
28106437
74138506
70342158
10465732
76541083
84510327
41586203
83147650
74316502
35408172
15206384
52486730
75418062
64250137
38541076
84376501
80651437
83751204
50162873
18254706
52601837
28043167
56428170
24160378
57610843
71520638
30857642
46302815
17862405
20683157
58436017
37042516
07216435
21058674
61348572
01526378
46271038
64820517
64781352
24873156
05246317
36471580
47236051
45712306
57482613
61072354
56027143
26854031
30641758
21065748
64531827
12743650
27041356
76821450
12476385
74158620
75402316
32601748
73286451
25864107
67423815
60538127
23486510
82415730
71463852
64105832
18724035
21306845
53728061
07614238
15246380
61437208
86245031
03145876
41368270
03748612
48631057
17642835
58043762
15762348
84270513
02876415
14087653
20483567
21453870
47560132
60185372
28431657
46507218
05382746
64807521
71423856
32810765
05283146
76304581
03458167
70485621
65743120
30156824
30176284
46052837
21574308
13526407
25046713
26318705
02784163
60152874
24758031
32056847
23876451
13847562
54017328
25846037
62173504
60814235
87423501
40321857
21564807
06785241
13654708
60845317
36082541
60271345
81056437
73586241
50126437
54217360
32846107
45127386
86035417
82406173
85067243
40751836
85623074
46573812
14057862
58243076
47138062
04823165
13475806
48735126
81724056
42807613
37405182
83560174
73801246
53874260
46280137
80623571
50286347
60138257
12408375
70658132
74506138
51048372
62107584
21548376
38562471
17802563
15627083
63248051
37254680
02371846
85042713
81503726
40312876
70425163
76302814
83165407
21705486
01283456
42356071
61378025
54231067
56084312
26107548
35426870
42571860
57460238
26471053
67051843
50736182
75806432
26548130
13657420
06573248
17026485
80276541
02651384
72603451
07681534
15608342
20871635
51460823
62513048
68154037
17846253
14075826
23687514
16325480
05783264
01524837
21648305
73154280
86541302
58326701
51083742
84123057
04751238
14382560
21834570
20851634
18364207
35846170
23465180
30275481
54368207
47056318
35468721
64180752
20354618
82764150
43061572
25036781
52413086
16275380
53617842
60713842
61027584
25763048
23184056
57321840
42103756
74038215
45623801
08174256
83756241
26875034
78403615
30874625
52761034
07365418
84175320
60847532
24085367
14302678
47658213
48635720
34026815
52174068
07428561
35674802
41062378
10754682
18627504
12438756
85140326
32108764
10734682
46810273
15723806
45160782
46873501
25107648
07215846
73481250
42650318
34267850
64357028
62718053
84603517
80273456
31642507
63104287
30578146
48132670
41236780
47356810
72518046
67510843
25803467
40867213
21460573
85210473
26784150
05726384
32876501
17253048
76053142
10746325
63521874
07286453
71452680
50362487
23481760
87236501
43261750
54723018
04135687
06378452
62783451
17426380
52146830
17025436
76208451
38705462
74615328
06531428
60721453
72354610
70852634
03614582
50278631
85746310
78352460
13065487
13658042
51730482
71203546
86327415
03467582
63714508
27136405
76248015
23046158
36824051
43786015
16250487
36085142
06452381
04871265
84150237
52310867
32541806
06713854
72018456
68245310
54781026
62541073
38245107
42875106
67481023
16832570
58604327
42586371
60341257
46308215
21754603
58106427
63254081
23418570
57384601
61430785
50627314
76021435
26173850
60574328
61470352
52468731
04136572
74528631
17825043
85174620
26418350
71405268
45038761
76238501
64178203
27531840
20784351
27154360
56431802
24536710
46827135
24013578
20587413
07418653
87510243
34016572
81206453
62870351
43875016
47106538
28674105
81534026
82614730
65781034
64730258
63152470
51827463
13247658
37815042
73854012
47521630
85704326
87126045
65283104
57180423
42016783
85176032
08521374
28601354
81703642
45806713
50827431
35870642
75642310
67025134
70812463
53102647
06735241
70134268
08523467
08327654
23705861
41056387
80634521
38476150
51708326
31578204
42107853
57430168
35014876
84153670
14723658
25748130
51723046
26751084
64721538
75481230
04175283
81075634
67435218
06824351
37425610
02863475
34218760
36205184
61458320
30542716
17382540
25471306
68721430
46307852
25641308
15730842
43860215
36072485
20471536
14835206
53018762
06145378
61734028
85026714
71435802
86510723
05427361
35807142
17432608
26184350
57320146
57032618
82463750
13802754
38471265
48150723
52017648
51368072
14375068
26170834
13068547
10236478
51270863
83725460
14835726
68173520
52370846
80614375
51704286
12684753
54367810
35482170
67138402
81460237
56183740
60814735
53718624
81753024
82160534
71502648
61842507
12780436
67581402
36274180
58601347
82174306
15624730
50213786
05428637
30574821
31864702
07231648
43165728
20835164
36572184
56382741
76103548
02617548
38056241
48760532
20178563
32681754
58726041
08124673
18026347
52071864
18476052
01673825
13674028
84653712
73068214
58164073
84302571
03126548
31768254
24867510
37451820
08126534
16284075
17524036
65312047
73164820
08726354
35741082
48253107
46178053
23048651
62013847
14058376
78465013
32746580
63184057
04728653
71580632
56812307
52461378
72604358
67240138
02645378
06327451
70625134
73658120
41536820
70386514
83146270
14037825
16345278
73160584
62415038
67415238
58406172
45170832
21863074
68243750
48236710
48321705
71832046
65207438
54738261
02453617
58367120
07524183
75408163
35708241
53164082
21486570
30482671
47162035
82145360
63107524
14527803
64120578
54826173
57436210
62514830
86274350
56380127
21375468
40368257
05812367
20514876
21540768
71654803
15873024
47018526
60427583
07685134
75680412
23618047
62043781
58637210
53047681
46705283
28753640
06753428
20487136
13456082
78432561
80476235
76804231
13257684
71082453
04867312
71604835
28753016
17352068
48137502
27134580
67814502
01456783
31742865
87364502
76308145
36702154
12507648
30826471
58406273
15234786
43872651
57864032
34501872
75802613
17856230
75483106
28576043
54168237
53827614
58341276
46725183
82031746
84701623
01758246
82574130
12437850
61308472
37841065
62405187
12354780
80216573
78305612
86451203
34875012
48652013
48103276
26540731
54830261
28760514
40852176
83264507
01673254
25671483
14280657
30526178
74608152
02146357
18274630
47038652
73451026
28351760
65814327
35086471
80436725
64381072
16245708
54216738
68073214
57803162
32075468
61578324
20561387
21840736
23164857
28537146
85302764
53048217
67023185
27160458
56741032
63581720
48631072
02163548
67820435
52871436
45163270
26857031
37452180
50423816
58746012
08671345
45073862
68410273
15382674
05461832
30658721
02154637
84621375
73581420
40851762
23607451
74516302
04567213
13078425
06214357
64123780
58237604
16850723
83120547
23850167
57824310
28051634
67305418
75682130
08415267
81607452
68352407
52680473
64012385
43016287
58243017
65314278
78561340
10235748
84325170
24531687
28634517
13624875
06317825
67034821
58247603
42160738
05186234
85173206
48631520
37180462
74368520
71640385
18602547
27568013
76843015
58237061
64307518
51026783
48650132
14372650
36140278
57260348
35067814
21706538
30564172
81046273
71428056
48356127
78536241
16285037
58276410
71620853
68470135
28037654
18360475
01327654
41308725
18745620
18346027
87460325
41732068
31826045
37150864
42036175
42705681
52301684
62350814
50763842
62078345
50263184
42160537
37408652
37215640
76340158
13254706
17320854
51483607
03527864
73504618
27601543
75860321
53187426
67420831
07263541
83407126
04761835
64018357
58140623
25031768
78041652
27481603
40675328
16537842
71654832
28053467
80164527
13845760
21468753
23746801
56482073
06135278
80267314
08643157
18643750
07614283
32064851
81532706
03614825
12345608
41026385
65840127
32751084
07216548
12364075
27643051
17023486
32470581
06523471
32687045
53078621
27430581
30514762
85036712
47036285
08243761
30874165
23850617
71843206
67135480
12807435
12470583
57483061
74806132
18653204
47081365
07318245
56781423
68247051
48370516
35812460
76185043
14675082
62571830
74806213
23084716
12354086
60741825
86743201
56431827
24361875
63570821
05681234
20754638
01275486
36154072
62740815
14028567
04256137
21654703
02168345
57638201
70583624
87640321
64278503
41683257
63107485
14782063
85376421
67381052
14625803
53286471
06372581
64015328
58372641
72013864
64205378
47168350
16250734
43150876
35061748
47203561
43567182
24658071
32046571
86051372
08213457
46081735
53287064
30457162
74325160
03416728
83610725
75864231
68205374
51680732
36728015
12487063
05248173
41537602
68524071
30612847
32874501
14807526
27148360
37061842
78504163
81072543
47068213
24810653
27864153
64781203
75186432
12504376
62504138
12740356
31845672
18372645
63287015
62104357
71643528
20468137
12368407
12356480
50136847
52874130
24675308
23186074
70854613
84230157
31265084
76325410
47251860
80165432
54671203
65820734
41536872
46270351
37160842
14732560
48260517
52143768
35804261
28641503
35081647
75148236
63042815
65324871
63741820
25673081
75248631
46285103
42386071
13206748
16427830
21075836
87316254
62135047
01258473
01824675
46720853
70124863
18467052
18265730
35071426
36154870
42158637
17506382
34280617
08736415
16528470
15320846
41560827
71826534
83250761
08453716
12037458
67215403
46138270
51082437
70143568
24576308
12340786
52368074
78153420
60214875
43287615
56182374
64735208
67054381
17804523
23567184
50872641
08241735
57360824
72354618
37586214
68213057
86123740
01236548
87106235
84527160
40725631
78324615
42310875
61273580
65401872
06173548
70846135
18230546
43602817
40215863
82405316
52310648
85276013
68154732
23167840
74850612
68024173
71406583
02376581
26341807
32850146
28061345
74823056
43218750
81402563
84601275
25670413
52364710
58360417
20783451
43215806
54802763
62548370
23610845
58012734
61708524
06382741
73268450
80176254
61307825
63482015
72158360
56384072
63520874
70348216
57386140
82503147
72608345
18674532
87521340
78140263
15078243
07341658
04632715
35610874
23174865
08371264
63057182
84507316
86370412
07526431
64501238
37208541
85736420
08354617
27810354
03276451
43876051
48351607
84352617
80527634
61702845
37810245
72645103
07483215
10234786
25643071
70453682
65831027
76214038
78306541
26480153
34075281
13287064
21458360
35410762
02831574
41635072
30218456
07851264
70618523
06724813
20614387
82306417
52670134
37460251
28170356
76108352
48261307
38102764
14826750
72145860
01374652
14530726
62483701
25874613
62430518
82347615
75326081
56128340
58012673
38256704
56183247
84127365
53761284
21654703
08761532
65480271
57136842
08574631
87312450
73465810
08243176
63710842
25681374
74628130
25371608
85264307
28075361
71058264
54261078
83501627
08467235
02346817
58071364
08635174
24618730
21354678
05614378
13062748
05784261
54603187
41825037
27830654
86520713
45603178
03685742
81247053
41273650
15386024
18063572
01342568
23576814
76034815
53681402
61803542
58270614
13472068
24106758
27361048
05248716
82576431
04652871
25673804
60731254
17285630
32415768
72581043
61054327
26403718
38426157
81062573
67203815
36124875
60245317
18024637
53276480
53674102
84321765
30742685
08725136
45327806
40863752
21685407
31205764
70315846
08456132
72651038
68013425
38217506
82341756
38520471
32647801
85314627
83716420
14503786
05246317
86173250
06182547
54623807
35876241
54370821
43701582
02138657
87406512
30415286
27563140
04381275
62381547
42735801
87621530
25461083
12068375
02813746
61240875
57046213
38507461
74630512
02568134
25176803
60752413
24316078
12486305
40712586
64735208
62435178
54738162
28346710
87046512
63407512
07426135
73568412
04763185
05426731
85136702
58310742
13204576
12735804
07821634
78412306
57018462
73086215
86742150
21075483
86120345
16873540
54316820
34062781
16250784
50832176
81572463
13054826
47201385
05246783
81437520
85126730
35028671
28134760
48673201
74820163
41250678
70265843
27053864
34652708
36451072
50361478
40317258
84071526
21354608
67218403
86421037
45067382
60875213
35078412
27064315
41032856
67428530
02138654
34157280
12076453
78563140
74682130
64738502
52143876
52076138
31704285
63542807
41573802
74285630
37054216
37580246
47860235
15862473
70513846
56804213
47086123
83104726
86104372
04325187
74650281
26548071
87450361
40876325
52746183
52841706
17580462
42637810
30246571
37810465
60342587
60351874
16035287
83641025
06875231
83120754
28630475
07546213
72641085
54736802
48361725
23108765
84520317
42730681
64570128
74038251
12704536
50263784
24578631
38267150
30725864
72380146
30821674
85671203
25037186
53784216
10428563
64021385
60132784
01478365
74803526
76802531
30817245
53064278
57821460
63082417
24860531
38124750
05421863
31867025
03174562
07365821
85634271
60842315
50168743
20734851
32157604
63241587
23084157
52870134
40168732
41320687
53746281
46381075
18427053
65084712
53416870
65234708
87304615
84506127
50314867
24130587
86724503
80621547
02486537
74385162
64701352
23514607
08364571
24603578
32740681
40376851
50742381
72018354
04182375
28157046
64570328
58673204
20463781
56382704
54730628
20547186
74653021
76413082
08742315
48630275
68573104
70253814
75631428
62481730
82461053
37241086
32570184
62438057
74123506
62375801
57012486
35071628
02168547
14580637
81206354
74105862
60328514
05783241
14760582
63081724
28713654
58243167
52437106
47085136
36278154
03516478
84170235
12065843
58204617
24073618
36857024
21856340
07538246
38176042
41583076
65307821
38105746
56723048
52134608
58327164
13564072
76801243
60137428
70613824
87451032
40871625
13540862
24768350
50371468
43586710
18573460
52304876
52367048
01367425
23145706
70265418
53412680
84037516
48120735
54387102
42578061
34082576
82456730
46371852
65718203
10684275
14628537
52103467
32814705
47208516
63401572
48371026
18564723
64723851
47836520
40736582
87641203
54312608
56720834
46820537
65381274
13048256
71450823
86175342
82067341
32057614
73526481
20875163
36412075
83457602
84523761
52463781
54708613
71386504
24738106
01372654
73641805
26840735
87125603
71543206
64382170
83706251
67321058
68324570
18506347
65714803
30271648
81405623
58237640
25438760
47856320
87624013
68417302
05862347
38765041
61803427
27153046
65427180
15648032
86405732
65843012
26473158
21857630
81326047
62853401
40785613
36857140
70314285
65823047
73250648
28403715
41258307
85312074
26405871
60172438
34716028
05182643
46253817
63184705
45723816
80347625
23678510
71402638
63045187
18046352
26143570
20657413
24178036
15478302
05428136
21765048
46013785
65078124
16825304
72461085
56318074
32514670
42807631
52841730
30745816
31562074
01345867
78603214
52608731
57213406
42108365
67524031
86457031
54210873
45107632
38601275
42156708
62507381
35276081
52874061
53460718
72830614
34652801
67835241
62705431
32507681
16384027
53426718
02748156
21640358
57214036
12875046
14607235
24710853
42803675
41357206
70852164
05124638
51264730
35408176
63710254
86053412
75438160
67102438
04358127
28435170
06278341
24531670
40761352
13086472
03872564
26185430
14763820
85102436
87432615
86523714
87045236
82514763
06752481
82416703
30125468
10358467
31750826
43620785
25174038
53714862
54102738
76315840
51027863
53784126
35760824
76035214
37450812
60872341
72081534
38041752
64325807
64253870
83610472
75106432
81352704
63720845
08613257
08735126
74823061
37460825
85170632
50423687
24706853
70843156
87514063
03564218
17036248
20847613
15086432
40678512
05612743
12658347
20746531
47253860
86074123
01732846
70628134
80514723
37401268
07468132
40631785
52704361
87635124
48675102
84107536
76230154
48520317
26570481
53286470
21465738
63872054
52647180
17623805
05318742
08742165
86521730
24138560
02164387
04386725
64802751
58401367
21374806
78306412
27851436
74061385
10873546
30128576
63872014
04623851
21635740
08364572
25743608
18570423
12045368
85430267
37164850
58710236
56074823
12483605
86215740
14738260
38754062
43205768
34815760
63547820
31765480
17358246
35680124
67135240
08536217
52014763
46582130
52380671
45061732
25748361
64013827
47613508
67213548
07531682
65127804
56217803
56820437
02538614
01324865
08743162
18352706
43520781
12360874
80237451
72601345
42135680
02356187
10635728
12834756
54732180
67453081
50724168
30672815
31708465
28564103
35027618
64530217
84365107
84307215
06714853
50327186
71203865
80462137
31745268
35820174
60283741
42871653
50437126
37426510
07352184
73465018
07652314
71325048
72586341
48350176
36540718
24086713
07213456
51870634
35102487
42063781
27063541
76321548
42768051
78304612
25614083
21463875
53128706
43812076
32176540
45283671
30754628
12834756
24187536
17352084
40756312
60728453
24513708
72638015
25670348
07548231
70634185
18326457
14860237
06145723
68103742
72435618
05182467
60532784
03561874
71652048
86510324
68732145
74165802
52680731
27805346
37520168
74351028
16302845
36140725
26075483
23741806
47061325
80261547
73648012
17805634
57260813
52871360
81462037
01273648
87160345
54782601
37681524
06473815
48361570
63821054
38426150
30875614
30827145
04875261
52106387
51627348
32017648
04258371
31685047
36741582
28471036
06185273
43067825
04561832
21384607
21356470
40521863
23416507
73245081
84736502
36472801
87126045
51308267
35046728
87506143
07623845
87136452
30578624
42361705
64028317
56312084
12035864
72054861
14328650
87025614
30681245
85304621
53074186
40572813
74051268
28601347
82561470
65840312
61047583
85364270
64102387
15823704
25738106
37065841
82473015
62047813
73581042
86427531
30258617
25068134
06231574
74631825
27563018
74180253
48753120
53401726
01546387
03548216
26710485
78351206
63051728
40328675
15360274
43501286
34027516
53847126
42065783
54716203
83761542
48316257
57418023
68423075
85103672
48216703
64382015
16730824
13645072
57346081
52074163
60371825
43856720
45832170
30482756
02364715
67350218
28534071
84762315
01674538
60423815
61204385
64507283
71620348
38562410
74065831
62014578
67150428
31046872
63407182
67502438
65741320
63485217
50748236
68074123
26105784
51462307
24038516
45873021
54683072
54806132
32067845
32170654
08643512
81204357
75816234
23450187
43658027
25816403
62184350
46532870
47368210
04763581
80361542
50371284
14362057
75048623
04321756
14326580
65281340
74365801
81372064
41687305
63740581
82617053
13674250
52078461
18045623
17423850
80672134
48520317
53028614
61840752
81026345
23806514
14503286
73246150
71302485
07384216
51832647
64238501
87364152
86071432
43287156
42671508
28375460
64730815
83601724
08216453
45182603
53461207
03825476
64750381
18563247
62754308
43051782
05128643
51673804
45127368
72314850
34152768
07851426
16485207
41287036
27041563
51037864
68517342
32618745
32716048
12306547
71203458
03154762
16580473
80214576
54721680
72016845
25387046
83601754
70254613
16043728
35074186
06841537
18453267
75623408
71286035
48013567
13642075
74358026
75813246
14683507
21860437
81265730
07325461
25714360
54721036
13468072
23456810
85640127
01843257
83210465
81425607
53108624
41502687
20136478
26543081
20348657
82657301
56420837
20647851
82403617
08637142
41206385
38750421
48075132
15207386
72843501
87536402
60238154
61278340
70215863
28453671
61523478
27851036
81045732
28057614
12058637
60381472
57486132
14537062
71432586
28016437
76218453
86523741
40725631
84015623
04182365
25603478
45706238
14207683
52468170
48637012
23840651
30462185
86317254
70256483
57134286
34857012
67134085
80461573
03752184
40785136
37126580
72436508
62314758
61472530
81634207
73548210
84756302
25708461
74350168
65102348
34028176
42518067
76145032
04813762
54286730
27305864
16247385
02461573
71368024
45270183
87120546
30425716
16357284
74063528
48630752
61408532
42531706
10385724
15384207
01782564
37410865
50832471
62308417
06431578
54231076
26187530
01486735
12835407
36170542
02345817
20815374
57401826
37160458
35617842
86520741
47036215
36502147
16485723
25870431
32648751
72045638
35214860
32864107
38015472
03651427
10653287
52406371
45276108
04531286
65701432
63107824
50624738
60745183
58201647
43785621
38057412
40872513
34250781
64130278
71306528
84675201
61245308
60127835
57814063
03562841
50364817
32147568
10536872
57038142
75841326
43071658
02713658
62538170
81653270
12805364
08617532
01675843
07352681
42153087
64325087
78123460
30748251
73021856
53607821
73504816
12405863
42703568
26415038
18305726
53428160
46802375
10475832
02476381
85034726
62735841
32640718
31768520
34706581
73016825
46158730
50476218
36245810
40318652
06324578
37082561
16083472
73582640
86310724
73204816
30867412
20143685
25478036
18376450
21457836
30758261
45063782
75403186
27450386
46328107
21678450
20768341
21874530
40531827
23076481
27601354
52168407
67804352
40657312
36420587
01537486
14073582
87504213
27501684
38710254
30246875
81742306
35810427
13268547
31567482
15763042
62403587
58730624
47812035
40271356
84721530
68521307
64038752
16082347
58472610
32501864
24531768
25310786
82531470
26187453
75206384
47152086
34286517
53872061
08153476
86034217
45720316
31805462
01358762
32058761
52086734
26875013
63154780
42730618
12654078
71054823
04173258
04126857
03845167
57081642
34681507
06418537
36518472
12354870
71046835
05842167
71063825
12563480
24701836
36702841
51068423
62578304
58412603
58324671
40135786
50872163
12374058
51206483
27648530
76802154
82617354
24017856
18254370
85314726
43682701
74038516
36072458
25681340
36028154
51042873
52183647
56078214
64235081
07154682
28703546
46258073
14038765
41576320
03268475
28170436
63205184
21804357
75824063
37458016
46708123
85724160
74603125
86472350
72043856
30417586
27601534
31482567
52604187
73518264
56138240
28507436
58217403
81654023
03685124
20451637
47230168
61203487
53047281
85237164
80264351
01645382
37650184
81364257
16748023
52103876
65081243
68735210
85670241
26857013
45827013
58026734
84605317
21038546
26071438
27410358
27614358
34618570
62740135
25176840
68124705
47368250
04321568
46012853
17548632
27831645
12837654
76120453
68245307
46037182
81430752
64325087
31278045
82067135
04872315
14563782
17865302
54180637
08173625
85476310
21348057
08527461
78365201
48357206
51370642
45802136
56082347
68071243
04621783
32740856
21635704
83762041
42831670
28605134
62451073
05263817
40273568
40531278
80715423
78356201
81347062
61238450
12475038
51360824
17438520
35706482
34051762
40167385
75318042
53627108
80127564
58326741
73612085
16542378
01624387
82605714
73451620
21068453
38162057
16024735
24057318
53278406
54170628
14678520
60243578
21804573
12058637
51248760
35072481
42856371
23510468
71856243
31058672
34815706
15470638
34718062
14857620
25784136
63582741
65814703
78034251
56207143
23874615
46753081
78415306
40165387
28435061
60183724
25736041
02831647
23864570
61054837
02763415
71432806
03287654
43706852
54026783
31027548
58170243
71430562
54302618
28145630
53270486
37248016
35204687
60481537
35417082
12764508
72864130
42368157
24785061
54083267
67254810
14573820
83571260
02138745
14702658
70824631
16384207
07816253
78326451
08462157
56803174
70658321
13047265
65870241
70612438
28645730
52417860
83201465
21084753
47813526
56428013
51432708
46735128
41235706
06487351
73628401
51746830
20438765
56137024
18532607
45263018
21786534
84167035
71560283
23714860
31720854
60324851
28407563
60483751
64812307
64170258
28456701
15368702
47120386
03875241
35107248
04176823
18567324
63705481
54862137
74638152
58264731
54702813
62054871
76501823
10826537
53048216
12048763
67153248
08351726
60823745
17583062
56173280
24105683
68143725
08316574
20786543
20154736
15682403
24810576
08162375
60387451
07258163
76241035
46327851
63271085
73042856
86273501
52468713
74132568
05347286
80357462
02348675
71042865
65208743
61058347
42715386
54870163
82305641
46058371
84310562
64273801
86740251
13428605
25873160
08347126
78652143
38105472
27401658
78615023
81573260
30745286
20136457
01735642
60851372
54128730
23871056
04587163
02576341
02735846
81067243
25016843
65127430
24081375
56713240
04852173
38527610
52710863
54680273
04671238
10725483
28150364
56104872
07426358
48315206
70521836
63412785
58126047
32457810
25734018
48305176
37204851
60481237
51837064
07328461
78256403
87216435
83641257
18643720
02875641
51870324
52678341
76802431
87546120
54063271
41208356
35071462
67852014
28370546
23750648
16354078
03275864
81706352
01284357
01854236
45103682
86271340
70681345
46307825
10642857
67315820
58071246
31876025
17384650
10754362
60234178
08346172
85327064
40632781
56704328
61853074
72801364
07152436
57403186
74861305
18356702
40358167
74108625
25384076
13402865
68150347
24153807
02813764
46732051
52138470
30271456
61504372
04872563
28765103
15283706
40587126
86327105
05784613
30716482
10685472
08275136
42176358
80253164
67502813
86375402
08467132
40812576
18546723
57680314
78460123
37861254
80652173
58342160
02167543
26041835
17068432
50274816
42687351
03175624
25034187
36157248
54631287
60784135
64801237
18027536
54728631
56378241
30247681
76842105
23615470
46875023
72065418
83254106
46032185
12054837
21456370
28645073
20846375
74830516
43206815
16302548
53426807
65213407
85462713
72468531
08621574
48756021
32471605
76153420
87523641
26371405
13042865
30281475
76348051
74235681
73518260
42615087
26873504
41702356
63045127
36048752
13708625
01862437
31657820
05236174
26871045
35061472
01284356
24158760
84672350
06145783
67053412
03852647
07185364
68027315
80473261
38254176
58713640
75013826
45638207
13475628
70264381
02365781
61854203
73641852
64385720
03764812
68450213
75462318
53162087
71284503
83140265
51087324
16258743
45782603
37014865
83721456
63815420
47836150
05217483
45817623
07861345
16485730
60384712
47506132
38740521
83165407
28735146
76240153
60712384
34178205
85421370
38561742
20865371
65028173
15082673
80751423
41807526
25134768
65401732
73258104
03145826
24180756
84053672
71638250
43125867
73048215
40856317
51328670
50186423
70865321
18467302
15348072
75842631
15374062
17304256
60251843
18435620
30245816
02341756
48301652
36240758
16284053
17632085
83467105
20631478
23784601
27803541
81760453
30162874
01768235
65871043
51834762
18354207
15678423
03824165
15236047
62510387
32167504
70584326
52806743
53140627
31704652
14753286
35186074
41287503
01265483
60832147
78140632
36241078
48762503
73162054
25831476
41835760
03172684
85014327
15380467
53180726
81324560
13708426
43257061
40128357
52013847
63210854
31824670
23865470
62145730
05132748
25874106
76813502
14756230
45803726
57204836
45608713
67380415
41506872
83527406
37581064
53742601
23768405
16438027
40325817
07435281
36257418
64587321
18465703
63701845
62358704
06143725
68120745
40162385
15782630
46081527
35061742
53718620
26103784
16427053
30672481
46523781
41628057
56470283
31426508
37265840
87543620
65012734
71623805
06384527
72301854
12563084
14350627
43071286
71483250
83467015
16230857
38726540
24638057
34287506
42831560
38240651
71503468
18237650
14703856
20851347
75416283
65281703
37156408
30267184
17345820
68520714
87045136
30745861
86431702
73152064
21543607
38260457
86014527
50846372
34570612
71506842
36208471
75203684
64801257
51802346
31785046
74038516
58471632
41703268
26705831
75481236
15824376
57863241
87310642
45036281
52863710
62508741
36470518
47521830
85074231
75862014
04856173
68423170
12843670
25736108
37465812
04513678
20186375
26741580
68702541
84705312
37841605
57314602
48267315
67058214
87051234
62347150
72408135
46705182
41235068
36418275
74652083
14062783
20356841
54612830
78241063
64780235
40267538
83704126
10538476
28064751
82305617
51863702
76425180
56702381
53860427
41780526
21546078
15048327
08137245
20716458
35264781
57360182
40125687
24187035
87513406
61052487
24056738
41653702
56240183
03167584
03275641
26103587
75062431
61824703
41305872
82716405
31256807
25760841
08365412
73614250
71625038
51842706
13645072
43751862
05176238
24568317
28174635
42651380
27615830
17286035
78123640
46725018
36042815
15864723
10786324
62530184
53148607
84621357
40132876
08364725
84126053
04218367
17465830
10582674
24871035
30875416
14203576
68743052
85370164
46205371
50318467
07643285
01765243
26537840
58140326
31572840
78541032
41806352
72184036
52143608
12847056
48216037
04532678
32605148
68304752
20584316
26043581
51027648
18405367
84170623
78502436
41368750
24753016
12753804
87026451
75638401
84521036
07516234
35802174
51437826
08416532
48205173
05486213
21074568
06218735
47165038
86741305
62501348
02381456
40517382
04875213
65124783
13627480
63705418
13487056
70813562
18367024
13642805
70285136
65371284
74258360
15087243
23401657
02674853
10426783
76345281
20385714
07481536
65710238
65738024
42175360
42573860
63051824
46385017
83512647
68752403
62513470
12876543
58614307
75381240
80561273
03461875
45620873
71845326
04523178
61740258
43520176
26317045
26571430
61342075
10246358
04716235
52341680
10478635
63280471
76403125
46238570
46038157
32087416
71236845
76504183
46718520
24187536
34027615
31507842
82710453
07258634
62417085
86021573
26308417
30751824
62804751
61403578
71508423
20734865
67182543
85047231
42186357
82365741
83541607
64573021
24751083
85321740
05724813
53780246
65317284
61752038
61380275
34857160
32507684
85017426
65034871
71340825
31482750
12583476
47631528
01836427
03658712
70584132
18306257
87421365
70364851
15804326
53467208
67514820
42873016
05362847
57140638
84302576
81236754
08156472
82450163
72164058
12307658
86215730
32047658
05761428
87134026
45782031
08273146
10675423
53480762
68037421
58710463
68032157
30761548
63084721
02763154
67508142
78360512
34756018
67124835
54183620
34782610
16240837
81206374
67108235
12504367
75463028
82160537
74358062
87621403
81037652
16087325
25163804
41365087
43578162
50721486
21684503
31657802
75482310
46157328
45172386
14283650
03216754
35814762
65314027
83427015
08736514
40375162
18625074
83615274
86073425
57064123
63805714
20746518
70634821
41657083
58461307
13462085
53726481
37216058
06547283
65723418
36281705
25617083
58062731
14057368
16043572
21065374
15467238
06174382
68243701
41270853
23605487
50371642
28531607
34185267
01325748
13570286
08734261
01638257
73420861
63874501
23856041
58734210
64581372
51478603
86412570
45726130
13284065
60357481
48271053
32480671
16084573
26845071
35807146
02714358
43726508
75086423
72461305
50421683
13547682
61074235
15842076
82546017
30271645
56741203
02716438
21630875
15732480
71864035
35182704
16803427
57043681
81354760
32605781
03781652
41236580
81745326
67528104
74351826
18326754
26375048
15360482
14368752
64538710
08465372
12045387
53218476
01426375
08514673
43186702
26043587
64317285
41506723
15264083
70365821
15706342
76038541
80467215
21765438
26401387
51468273
70516234
07643158
74650238
74812563
50318267
65208471
28316057
71642503
05134827
61748503
23650748
32876410
61820347
30547126
04126357
56318270
02845761
54160782
47630215
46810532
83674021
84671025
10463287
82310564
23518067
34760815
24705681
14528670
67352014
25341780
85420167
31825470
56402871
26531407
63085142
28043176
45607823
48153702
60512378
70835126
67853104
51783620
48102537
46037512
85173062
17806542
41086572
62150437
86510432
15362704
50763218
50132746
53187462
28451603
04365871
60734158
87154632
36781204
15802647
60785312
63182754
04856731
72140635
71862305
32041786
73124506
87215436
82710534
18543267
08264371
34175862
73102654
67351204
62837054
62710538
72364581
34612578
30476852
50673241
37486051
30148627
25187046
25470138
50186423
52413760
30752416
08714236
42763801
75380462
68215340
25841063
14586720
27816354
40185672
06831745
46025317
74623801
78204613
80137264
83275410
72653401
80135462
60413758
13540782
41376208
64573120
63207485
21607543
10465372
45287106
13648750
82543601
57624308
81537204
28054316
04716325
32478561
78402351
27546830
54087316
40863127
25748631
36572804
26415783
60573128
42578610
17380265
74863502
01723864
26013548
63584207
16342870
27648013
27654038
06431257
73841502
82634057
24503816
76853410
03457826
52763480
72041658
06723541
28056713
37215604
23716540
23158074
58360172
47018253
56820347
74865231
85304672
81207643
80265731
67058142
32740165
72653418
82453601
13874520
16857023
26187543
18547062
63251784
17350824
12063485
68042735
57460328
50728361
70523841
56427381
75034268
26703184
46781235
61482305
47286315
67108542
36418270
38426501
75640812
13026475
18237650
30514286
21580764
65120738
35017642
70613528
10527468
62581403
70386245
32147568
76234801
53740861
10647825
78251064
70386125
36275140
41762580
10487563
87615032
23875614
41376825
14075826
80653421
46237510
75604312
23751860
04316527
25047618
24751086
82750314
63807241
82673015
35816270
71628430
01352786
35218607
23401678
41630728
20435867
72361548
08761524
72046183
02683457
30857461
68127453
52346871
85263104
85741302
85713240
25301487
71280453
07216834
85716304
87341562
50238741
71240856
68204713
25108634
83271456
14568327
75802316
25407316
36218547
82354671
72348051
60547238
68034725
17652408
17536802
80417256
21853074
86410532
28301674
42861503
13450287
73460821
62730581
13562487
81654072
75284103
13275460
46723051
52361840
52176034
45130826
72408536
65172380
80136427
56173048
16482037
78541260
51380267
57346028
75316028
54680732
56704318
50376184
38074261
51867032
76318425
84036751
02186437
85421073
35061784
16782035
84713260
52307648
57684320
07158346
37624018
24180673
18706432
62850341
86041735
73651802
61423085
76102435
34217850
68034172
28741653
54738120
35786140
36520748
81204735
82357016
25310764
51024386
73185624
08173465
24537860
70631584
35847021
71205364
07148625
65278014
76143805
32158067
05813472
41205376
71342560
50718263
05163278
50418372
16824075
64015327
70162853
07258413
21340658
18045637
32078415
65410732
10423576
52038647
47630521
53461087
45270183
16824573
35674210
67023815
82760354
75102836
30867214
65321804
54863270
80425617
68273054
34752680
47523681
45701268
14376820
08462317
43728601
45036817
35814702
40132576
70825164
13047586
52640781
48031257
50126874
25138740
46257381
18765240
64021857
34510876
21783654
80346127
68472130
04783615
58162473
40675183
26457081
40817536
25748163
21658370
24801536
20835167
74038615
02736145
41825036
27801534
27348156
67248015
04123876
13758642
08256317
18704326
26783504
17046523
81732564
64381527
41730268
10254637
38256017
08534271
87203654
56740281
35702186
43782506
35874021
53120874
18620457
68354720
78024516
23781064
45620387
56148273
10352648
23076851
57302146
40786531
25817403
26071435
71048635
37421680
57128604
60215843
48351026
31708645
12357486
70534218
72156304
27145630
72543681
72386410
65308174
35768204
43607152
07258614
24087135
47106852
74253680
57634208
51430278
54170326
86520714
87326014
68573204
57286301
65482137
17350428
17843065
50721364
37681542
15432678
83260417
58274630
36410752
71302856
50386271
42608351
68521307
07268345
25318647
36075142
83420657
81035462
23705681
65184703
58317406
86327501
86715204
57012348
01732586
61578324
72516384
08416325
71025846
30465128
47180536
12850643
14750238
53081472
37261850
58617402
62145738
53670124
21387605
61408325
06412537
65721403
83402156
81256437
72634085
58240613
32415687
86075421
43506871
78304621
20518736
54261038
13072468
51287360
71504826
71028346
75306421
37502841
14870536
14265073
30785642
31704852
57261438
45018267
10742386
34061785
14308567
67105324
30528614
02143786
74526813
14872053
12368507
04283715
07652184
28504613
48627531
14608527
64012537
31457826
17523640
71235480
05724316
10465237
05372684
24073851
37854261
27543801
15764328
46130752
80734621
27501463
42051736
37815642
83745061
04675812
15062837
38614275
47105823
24710385
02376815
42168503
85147023
87045316
01456287
56021738
80473126
21650438
31075648
10782563
40768325
71603258
51648327
57482316
04381765
54270836
52186370
16058472
70581326
17304682
12843657
37124560
20516748
63578240
21670453
23681450
76328015
60732548
46308521
31574082
73651208
45162783
38250147
48721506
01587243
62705834
75631480
73621054
65142083
05243871
74153086
85372461
27513608
75138206
38705642
37250164
12860453
61438257
81605347
42570168
32716580
70152863
27460581
58170326
17845236
58423671
70652381
23584076
80235147
84672015
46173850
40835271
65082417
13056728
04186725
38145760
40165783
43157680
84527063
32047165
31047528
38107562
37058621
87230164
75831062
41507382
76548120
56824713
51087364
85274610
32618540
04675823
73254601
81054376
05631742
51027438
28015764
65418027
40865731
42853760
83072654
40826157
73281504
26753084
52630784
87165403
14852037
26015834
50631874
41826370
14583260
70632184
74860123
45012386
60317482
02145368
62753801
21356804
46852173
31875642
81704632
26351748
02673415
57320684
74301528
85412376
57643280
80745362
58724160
53180726
63104578
81463527
36245708
25406387
04617253
42051863
83751602
57048623
86512047
05861342
50874213
43206578
71426350
64275180
25473610
84720613
08347526
63582401
23457061
30487562
26083715
28730165
65418723
85324167
76018245
45038176
83021754
01738246
25874130
14025368
81347026
34861527
42876135
46087513
38204517
84316527
35041276
27138064
60428537
05421368
08164273
10725846
83417602
36428057
38710652
20874536
04532167
24750163
27108643
04651278
81602347
23540678
51438276
12435086
54832607
72580436
24015867
85124736
74602853
18274630
36582471
25684130
72351084
06574238
51842067
07681453
54362801
37248051
58106372
50684321
54731260
81276354
41560273
38512640
68421503
61085437
45073186
13702564
25861037
23081467
12586430
31682407
60153247
12407635
57340681
18246057
24150867
73618052
30526817
04568271
72145680
12370468
46325810
47683502
40623815
06754218
01283745
12835740
67508231
37862450
82435076
08153427
42361578
40561783
35628710
76425083
51640728
80675143
84230571
07641352
46785203
71634520
40837561
21358074
25108463
68715420
12857436
16825374
62713450
05362174
80724163
60127348
78345016
10476825
85430672
62854370
70312645
16832740
07152384
40183576
20836541
01832674
35612840
31528076
07462385
10246358
74561803
14378025
23146078
26158470
23817406
30845617
41635208
52861704
75246803
68425730
37461528
14603257
50486732
72803451
62073185
13876452
21374865
36718524
35270846
36817250
03265487
67504128
04275861
28670153
78210653
83206451
41062573
10645783
71358240
16735042
24307615
35764102
41062375
80523176
53471608
75026843
62158034
05417386
20461783
68035742
85073164
03861527
16458207
23170856
82064753
60713825
36712548
26457018
84230567
35417086
85032671
51360827
25341076
05243617
01467285
80174536
17463258
30587416
07352168
81072654
01862734
14738650
42307568
72603514
43106582
78236104
54870261
53287014
52643801
80761235
51306478
34025816
16723804
41823765
82013467
53701624
24753810
45073268
13208675
84123570
32486175
84321760
74630285
50172863
67804352
38720651
40315672
04736158
13257068
48230657
58641207
10743856
73861254
36204178
85037412
85042617
26384150
65380174
51647023
61502784
04372586
04316857
10576324
40613758
72306814
47215630
03164528
76054123
21075683
01482357
82745603
41627058
01728465
54362170
43052718
82170435
63715480
54731082
37481562
61752834
43650871
24681537
64713852
68247530
42610538
32071486
26105483
41362057
80726413
38451206
48061327
73015284
57102468
70842513
65814072
50413726
64032581
27184530
83725641
60324875
13487520
86310527
26341850
07526843
81607523
64031752
17430568
25176430
50478613
54062187
63850742
23157804
15230486
86234571
28653071
60813524
87362105
42106587
20137864
35802416
82530741
70154682
80723154
18724630
72451063
61837245
08427365
17620854
64820731
04632857
87345260
40178362
45136082
51872460
58032716
62853104
21305648
52037418
67042158
24375018
46570128
80214357
42087351
37524861
83672451
48205671
24780316
56870234
51476380
26134578
58024173
13286750
45361780
71542368
10682734
01657328
20748513
02581763
83702651
23687140
14285673
60247185
53642701
61582340
80561472
24037816
15743260
28541673
57481203
35072841
27403156
85716432
38420716
87416230
74651208
60587423
14502873
63702185
74053261
64302851
85236074
25608741
36721804
23146587
56148270
28701643
58463702
50421768
81273056
83725416
56201378
73102456
71632850
84620753
25061837
78421560
37465810
46207358
32168045
24083156
68701542
12045786
57368021
06347518
20135486
52870164
08342157
56410378
46758120
84253710
15048627
30682714
12786435
08132546
68704132
42013578
48713625
35681074
84732601
42813705
21763485
40657128
64130527
81032746
47635802
56421738
85713240
60187254
40382657
14038572
51432860
71438065
51302486
72835046
45861302
87356241
84156320
27316045
25763018
13205874
42750681
47582630
53246180
14702568
53670842
83041625
31208547
18425673
46081237
50142786
40513726
41736582
24307816
65047218
82450613
84160257
35416072
41327860
84560723
18326405
46138527
86071534
07138456
73804652
28614503
81536042
85076123
47321658
31560724
12034576
72364105
75380261
03842657
82731504
24035167
63804172
56301472
86427301
53102864
02435681
72406138
45260813
13470568
68571342
75386214
31820567
63475018
85361742
36058172
87016345
41730685
20751438
04612387
63401278
45036172
21734086
84067132
74105286
80253617
36574810
74523681
16270354
53640821
32075864
87140365
32478150
70541683
26481573
85271463
63027518
15836420
31746850
12043785
07281534
41253760
26754108
06587342
34560821
20451736
80534627
51487062
82763401
17056324
02367184
43610528
17483256
81534270
72058614
02354168
80713526
62037148
87643125
13075486
85643702
13856472
73145026
61380274
73150682
23510486
41356780
45217036
25146073
73416280
63408712
15748603
42315680
37154062
07231548
41052687
78264015
42370615
60732845
47386512
87512604
85614703
46018752
87301524
21736048
60537418
64187532
03764251
38416270
12803645
34127685
20843617
36428501
58064173
36285170
45016382
23807164
54263781
53284170
52468730
40571238
48601375
26107853
05462317
07436821
67403218
34875602
74358610
04158627
60715834
37652104
18306475
71530842
53406821
54382617
18076354
76504831
56837240
23471856
01754283
50732614
60154327
42316850
36018275
80142635
42785136
12370465
12075864
02376418
32405768
04753168
67805124
61048573
15730468
43028156
48130752
14375620
86437520
61270834
82463105
75304812
30652841
01378452
73105286
23715486
84523760
48506231
36802471
25043176
01468375
34521078
64708512
25384107
28154706
48536207
71658240
75460281
60384571
25874016
80235647
27684513
01534672
58207146
05678124
54387120
45807163
78062354
82714630
50132674
27861045
31560784
03275416
50641783
75642130
32476801
16587432
76032481
28013756
02786314
65042837
51468230
80176354
07486125
06435128
47536180
23405786
86105437
67214308
06581342
31507682
65408217
86437025
02571683
38276541
60751324
54736210
13045867
53801476
04162875
06824175
51708362
71802356
38204576
67150234
14276035
71408235
73041258
20185743
25803716
52631408
45280736
32075846
15084273
31527846
36702185
57416032
81034627
65321408
01384276
34185027
51237468
65120438
32106845
58064731
68501473
82705634
57640182
02843751
56310742
68254103
81526304
58317620
26041753
50846732
14032758
03167582
58174632
87503246
43150786
03218546
