17432580
73401586
40586172
20643715
35471820
70148653
70568231
51028746
63570482
32671850
81236750
83520617
60324785
54021368
87512364
05761483
86403572
40721536
74625318
72431685
57603412
80261357
23108654
63147820
71435028
63270485
76348201
34510278
18675243
73615208
02463785
42865073
81752340
64372150
63487251
13478260
43287601
16035248
32608745
02574361
46701258
35071268
17432850
41705283
82705634
10286734
50326718
54826017
36124057
71586034
40685237
84061235
41650278
84207513
75482631
03457186
83546271
82361057
30726158
50462738
18632057
16240835
60821345
87032641
41723685
84625317
21836475
03451768
14832705
78215064
18674350
72350814
72860354
78156240
50271348
40751682
13072568
08273615
32561840
18462375
82073415
30251764
32476815
64021738
85063214
07518264
53160784
74285603
24156708
03475218
87105263
23578104
23806147
72058164
24768105
32081475
26071485
12453867
14702536
82610743
52610837
20684731
43127056
53826714
54037168
08324756
27183640
46013825
78645310
65271840
32604817
21763450
25173408
06743812
46105237
16845023
82301574
21745380
75643012
10453786
60183742
46258017
28307156
87361052
50127348
40786231
34865012
27683041
52746831
81245670
46180572
13560827
52176803
53408172
60142385
13526074
20437165
12086473
48213576
10465372
31042867
35284607
57238046
26084137
61203574
08732546
68715203
16280735
14087235
03647581
61782035
46328107
70421536
67514830
54132607
10674328
20684531
05274831
24167053
57410826
25730618
62043518
10258473
57806324
24530176
82407361
50614238
23514807
43526718
48126735
81423067
46078235
42815367
48510327
51682407
28764153
82035761
10846275
03725641
83750612
64752083
67152340
13648205
18407562
06154278
78302615
45263078
76380152
76452031
62174380
25718340
35204178
31680547
84176302
71528043
28506731
52306178
24563018
74351682
54873610
71304285
38426750
05342187
26105837
48267053
65138247
63514087
81602345
14625708
32841567
13287460
16542837
07824536
26738150
04268317
65348701
41867302
30658217
52387104
18502634
16458730
07328645
34807125
35018724
54168203
34765208
78605321
62875031
57324608
68132475
60841253
74653218
83506472
48576310
02178634
16804357
02487653
86435217
48510267
71043526
87401253
58034172
65780324
65834721
31067842
53146087
87632514
82156403
41632807
63071458
04863217
50714283
06823541
30861745
18736042
10785634
67210458
80156724
14203587
14205683
38064217
45823067
42750618
68023415
62354871
16270543
87316025
81370625
46810375
35081764
51832647
30427516
78036542
76203485
53618407
76301248
53267410
18504273
28361075
01532487
46075213
01862347
71348260
36501247
62740358
04582371
31608427
48560372
74160823
48061572
72561384
65487123
76402851
24078156
60278531
73861205
05312478
54761238
12830765
16052748
08715632
43120865
46738501
64375028
64315802
57368021
24186037
14025837
56074231
63158472
63780425
86207413
40261387
20873154
62504783
28056734
41850267
52031684
80213457
10326457
27516084
58231467
42710638
60341785
13648572
60475123
53604782
25341806
41875026
40153762
40823165
64351702
46132870
04615278
18367052
53280471
37418605
16204853
75083214
36185720
75683014
01364572
64587103
74150632
61730584
27401853
07814356
57084163
18604732
61302574
40576213
21708453
80435167
86512730
45723108
06257831
23648170
50716832
54683072
81276430
86472315
34650182
48310675
23561487
62741580
16540327
12564730
47602518
57468123
85130624
58340126
23670815
81654732
10237654
80154632
17483620
17024563
10524738
23456107
85427361
41327805
53142608
64523018
02814736
40127386
32865174
06728134
07864235
43865201
10524867
04625718
75813240
50426738
71638425
10852743
57804316
37214856
61273850
41725683
38510476
85431270
32508764
31258704
20657814
58307641
08547136
47250168
32761850
58017623
18562037
87635140
14685372
25138406
05168274
45620317
40716238
40825613
67348025
82401753
43675810
17053682
38601247
58362104
43762185
30485162
07813246
13065472
62381074
04563812
31052746
81536472
52307684
34867051
50874632
48251607
56134027
37058462
07256184
27043651
54267308
38056412
24807635
32475160
14385760
04821756
06287514
61340827
34210675
16780342
62853047
70825431
56041238
25631084
46732105
30674152
41056837
17230685
46583071
54316270
53621807
14570823
87105263
26183475
70843156
38601724
03748621
05726814
51624087
08127356
16273548
78065421
38504762
28045713
38465120
84632510
12603754
74035218
36457802
24385170
64078152
41263807
24758130
35078261
53064817
84763015
23086154
67843205
87423015
54826310
51264830
40126783
52730614
51836042
52081436
10346825
76502341
57106234
84036217
46837510
25083471
68354712
57831462
87561024
45682730
37180625
34501286
01647238
82045713
14587302
18352674
24170836
53027841
72405631
64280375
06178432
46781052
32086541
08521643
12065738
36841527
45873026
12403685
12803574
51687032
73218604
85467023
04387162
37206548
17328064
56172804
54186273
74503861
78532610
20358416
57634180
86270345
16842705
57413826
25483067
83415760
37124508
84765230
68317504
53162078
42673518
64102537
85167304
68052371
67140523
84625371
23564718
28543670
60124857
50286741
81543062
63721485
06425871
27130648
70845326
31852706
41563872
43628517
05813247
45308126
86230415
83057462
67581042
64370285
83274615
82531407
24180576
25374180
32486710
20457816
28304517
78450631
18706435
18725403
73648502
38057621
84512376
47203518
25761438
87431256
14856237
47310562
46321075
84207631
12048637
60387541
10583742
64273805
31052768
63572084
26473815
58016243
68152374
71380254
40132587
07153684
68437521
50846231
85027461
07641832
37415862
62580314
40135672
40182356
70186342
24173850
80761435
64012583
74218630
14073682
50631742
13786052
60147582
21457308
54286130
34206158
30572461
64137852
54306827
02573814
24815673
68473250
57416230
85024713
40852637
87524306
78301526
78653214
62807145
46831720
57361280
71286035
83520741
76485130
65107283
15206738
68403712
31680524
63271405
45376201
31687205
03814726
36574801
58132470
16543270
85623107
75283601
67812540
41657302
07183245
21305864
61352478
36812504
61327504
75618420
01863452
70154632
70628314
21857643
40836715
87053264
82714605
25087136
76150832
82067143
86401237
50621374
63185027
36078512
62084175
37810265
52164708
31276840
37285614
62347105
10862375
75368401
46803712
02713658
14680732
10364875
60154783
26154073
45830712
72358164
45201738
08327614
41038726
34126785
34825701
48362715
41085726
83674520
64721803
34052176
42570683
78436021
13206487
80465213
75483602
72863410
57026143
50147362
68314027
28460753
63205417
62731048
48631207
80174253
73048652
30854217
87463102
57623840
75062438
75263041
27634510
06527384
51243086
31746850
14683075
73842051
47123580
50816234
73518420
43712605
17256430
07231856
35014286
85340627
81574026
05637824
61350847
58602741
83516420
13742068
67380124
41067285
58347102
07512346
84056371
14362705
17632450
84173026
65038172
36782105
14370865
80741362
14230675
62847031
14837526
78612453
01368425
74820365
25618047
87160254
85401632
14762530
54328760
34607158
68530714
30625418
13468705
01847632
23467805
64815230
87250641
25163870
42576810
15278634
26431785
76812403
25681037
46702351
47503612
57240816
54781062
54107386
87231504
47013862
40612387
01325847
10426583
13578046
15783624
34871052
70186235
60135784
86412750
58420716
47628013
50317482
32741560
86734012
37145208
30514786
74862135
43570126
47108632
48076352
73410826
32518640
43782051
05284376
35648702
48071326
32058174
45620138
02645871
81427063
56284071
86470532
64218703
42583607
24056381
61753284
04287165
24160358
60257431
16375042
86203147
30741682
83275416
38076452
24017356
24175830
46207851
45326708
05164238
72508163
83624150
21853604
51784360
78012634
18265304
71526830
83756014
46802573
36205184
26301754
16250384
03182675
25307164
25073146
86243705
51742603
01627485
07842531
84160372
48163752
17834250
15264308
43678201
85102736
06138457
21576048
48352076
53712408
12357048
46371805
65031742
38016425
36805172
07342865
56780321
62410875
61250384
83425071
31045278
80651732
82560473
41762835
60571328
04258736
01625437
38560472
13256478
53710628
01458736
87356140
87402316
57864021
12567308
18236570
36058271
64038257
87243510
18470325
15683042
82475031
85207143
56034782
16240583
36805127
24135860
04561872
37816420
01346752
37201684
50713482
30576218
30268571
40728135
37806415
64753810
62510378
71453082
86074251
63084271
13456208
57130286
07456832
13605248
27810653
24753610
31278604
06543178
57021348
03246578
25176340
73148560
13870654
25613047
27183605
53284107
27056183
10358672
27340681
03468715
56740283
56782043
32084651
85231740
51476308
84231075
40751236
73215860
84753216
83617045
65421780
48517602
46175230
40783615
63750218
86175204
75416802
04561278
27801546
87456132
32170564
04813567
27658431
70153264
42635870
56281073
21607384
43108765
21085367
08642351
50624817
15267430
06142573
01682375
74210368
07815236
12458076
46021387
27518406
75140386
68320417
56874013
61803754
82315604
15207864
56328401
02745168
64358012
81046537
76850324
06187542
76245308
74601358
26758314
52017834
74012563
74081623
16324850
26705341
73821046
56872301
48671230
24083567
67810254
62708314
20516378
85673214
74610253
52813607
34762508
18573024
47581260
75486302
75603482
67502481
74318502
40687235
87342106
25614083
84523716
78321045
25703641
12678045
41073265
52374106
52374061
31685027
84361750
24163875
57216043
48751036
03764258
30754186
86734025
43785621
41375620
48310657
04763815
67302485
84602517
18704253
46037185
45870263
25630841
03572481
68530421
24183705
27130458
46021387
24603175
15726384
25830716
37584201
68572410
23641085
41253806
05872146
48175236
34176028
85216704
67283015
83712640
30726418
07483562
85047312
12385740
85036214
40726185
02371856
61045387
51786324
23016587
60538742
41762305
12506784
62105837
63084125
05817234
23867450
13078542
70861354
51834207
04736152
72054316
21487350
07684135
85273416
68301754
01428763
87350642
47082561
04126783
74308562
08634172
50748236
30142578
56480173
75068431
14307586
05371468
04176238
62834750
58437062
04583217
30682145
84635107
87351620
42087653
18437652
01765328
04561382
16827453
87456201
60851432
17530624
68531702
48716250
54137860
38120764
67423108
18035672
30456218
42137560
84126530
28437610
34827150
46387012
34615027
80267531
50126478
40235678
80645721
80352164
60175843
52768431
76413082
37146825
10857263
84536712
34870152
28073514
35201648
41803672
40728613
20536187
21480756
28314760
16380524
10728546
46083715
12034675
10827534
68104352
63280745
13854062
42356081
56741032
61740352
51276438
21073864
40618357
05463871
73042658
74231865
31846270
17320586
62051348
07238461
17458260
54062187
40365172
35068417
27381045
85217063
36508241
21786304
84257631
24035687
76342108
47836510
60428173
31245670
85634271
04625813
63082175
16527480
04571283
31864502
75413680
21036584
62731485
03827514
28610453
17405263
34725108
15687304
61583247
41072658
35764281
47583210
14280537
81346205
72683405
53481207
65013487
56341087
27308564
46073285
67324815
32748651
13054872
47035821
73614208
47281306
72846015
38407512
68704325
70236851
03617852
71463528
60825341
65024837
40573816
72810654
61740823
67540132
72035461
82756130
02568713
05128743
46275018
14365207
78612450
54613270
74253061
84362057
83510672
62370815
12034857
85134602
48176302
65047238
42368507
87420135
30851724
23150476
41658032
60478253
75248631
60248571
71326845
27638045
10635478
48765130
25867143
85721306
20537148
53782460
05812463
21035786
15867324
42856307
83564012
12804537
68574320
62437810
76312084
68043751
17253084
21856470
26780154
78043621
42873016
56708423
16238475
15327840
08642735
24105367
61374502
21864073
02658714
17803542
28041375
48230657
87123560
37812045
52081643
64287013
72130586
32514860
80426753
86043251
37652408
43801576
12640378
45608213
68524307
34780615
36085127
42156307
13025864
71238405
45012763
23180456
32406871
51048367
53420618
10462875
26734851
37048216
07814562
52073814
07812645
86402375
02631548
04527836
47230615
50637824
81456230
42153860
56827403
38420576
05827436
71538062
24078513
12384675
67024853
52478136
76531482
67350821
48152637
37024186
45137082
86147230
75028361
35714806
10524638
68025731
01268754
67058243
52678403
26581073
32580146
03517842
63807421
75604328
87135206
37205184
81745063
76485213
06317542
61587243
63748152
87526340
65138720
36745012
67231840
16257843
62580431
01435267
67835204
18452607
15378246
47682531
61072358
34617258
25134876
41576230
27385614
42187360
67583124
70254618
37426508
30762581
38264017
21467503
17064258
47018352
05786132
85106472
28476531
86451027
48521630
05237846
61830547
75364812
51036428
76281354
82306451
50682431
80213674
63281570
14563807
45170286
85623704
18240376
45863712
57243860
01673458
02475318
64508172
25106843
62347180
81063742
05234867
34126058
28076415
14850267
50841236
08642371
72658401
82407356
03526714
64738205
48057312
74031256
32450861
10728456
80745126
81035264
61430285
35410276
48602531
70156284
85346120
23154780
68531742
15360482
78104536
45306817
73458106
38564721
63450128
32475860
71432860
08162743
67324108
42167803
10634782
80154732
75814630
61237058
81362547
23415806
63587240
73086125
14350782
04257863
13072865
64728310
46785203
15402736
14067853
15806723
14705368
30618257
13048265
12675348
63210457
20386157
52410638
57403128
60285714
45170268
34806521
35074628
46057132
06743281
87163245
30876541
85204371
87360421
16028537
13268457
15783246
45783216
48607253
76213405
35210687
52178603
73420685
58637021
82374601
37168502
31476802
14578263
85602743
31248065
28541607
86321405
03285671
65270841
31520864
51306482
64317025
40258631
20357418
32104867
41638072
20154387
21084657
12673845
62713850
74218350
46287150
51643780
67851432
37205416
64305817
02471563
53210768
52874610
78625134
32801547
21085364
71032458
54682170
08267143
01645327
32704815
13456708
46305821
70852643
61208573
75401628
41623857
74386501
04823716
80315672
34706251
17620854
17362480
57428130
53106247
62451073
84516203
05724813
15708346
41732085
31086475
50742618
12765480
54730281
67148203
86312507
20634158
04156827
54078263
15480762
01683742
16574803
01854627
30267145
10457623
72368450
04571628
35128407
57406238
78345601
15360482
45281036
50728361
58623741
26710435
57203864
02845367
40286537
47126053
51403276
38427015
74632510
70836254
75628043
76350281
40137258
06124375
02413756
16725438
21605734
68235071
81250437
85730146
61850374
80751243
85016237
43516280
05268137
57026481
71653802
40256387
16870325
30615247
73125860
73214806
80527164
04735216
83042657
03754816
56147082
10453826
04153687
87512643
57480162
17403852
30857146
60758143
68734102
13548276
57128364
78501642
07132845
57180432
71302856
46710823
08256317
40632187
80674213
37480652
35628471
85276401
76341852
82541706
72581304
87153420
13204687
78016235
36724510
72405638
41852760
06817423
80364752
50426738
46287315
31082647
84731056
47530186
23875046
42057163
76281054
63247518
80146532
41258630
53071864
53417268
84137620
32764018
40725186
08162573
25638714
51824760
73618452
12635084
64185037
35842071
57408162
03687124
86753402
38527064
32167045
73581402
74106835
04376185
35487601
70841532
36208514
36170428
16074835
53714680
73482051
37251480
40712863
32615478
76401235
15247360
53214870
65172403
24561087
32810756
78261350
40365182
61427805
68742305
47632185
60315824
15340876
78532016
61275480
60741258
12678043
82354710
76281403
12346587
06574283
67351820
10327654
61038574
10478623
52876104
75236148
18053264
60275138
82143507
73156420
48623710
64075123
03567421
32754106
40826315
26301487
60812357
26713804
54073281
65821074
46208735
46850731
43850271
63485702
10637582
83076542
43165870
60342185
46012875
10645823
70236541
56280137
72415308
71340268
34027681
84275613
31706425
67312485
70351824
38406517
28735604
13065482
34860152
21560847
74620851
78152034
02137456
76028514
01785634
30671258
78625340
04321587
28346075
01763458
23418065
02453786
45087261
05218764
60724183
64805231
08526731
15807623
38601452
57218364
05764213
60523417
36178240
72863405
23610478
05438672
30462857
75186423
08721546
73814025
07826145
26348075
04631825
41825376
15346708
64538710
08756241
64570812
40532786
60248753
56712034
63842150
25718603
46507321
27835064
08163527
86504273
72081563
56748310
36245018
42376185
17405328
58407623
47826510
13548062
53841672
65208734
61043275
20384517
23450876
80465721
54673201
46821057
67835401
13672504
53601724
15683742
80142675
06573284
20457816
72415806
08761532
14036587
46078152
25178406
20517684
36718502
42573681
67185420
05823164
42371806
61548723
28043561
80324516
52834670
25076814
61578023
20857143
74283516
15347820
80124763
17340582
26183470
28415370
25048617
26703148
61084725
35781426
13065724
63415208
65128374
84315726
83526710
34165708
60518237
37014825
53862417
15748630
13742608
62513874
40382651
75206148
31586204
53267140
23568704
87631204
86275013
06352178
45328701
87132450
71832564
57108643
25318764
43210657
37162540
10874632
50487321
76415823
71820654
71036248
71042538
48507163
42630185
74651832
25847031
37502481
20568314
56371024
56201348
75862341
50317468
78406351
84276315
25106374
78401256
21405768
71504326
84510376
01524876
82013754
30742156
76842051
51342687
68170352
31720648
68720534
10563874
12704863
41823065
06137854
70413856
05724186
73051682
31870425
07382645
80657231
38612470
76520134
07538642
56387104
61508723
12650734
18420653
71304568
10356724
25148036
82716403
65214738
45273081
50367218
70238451
08153624
27108563
31825640
71584632
05374812
76132840
21467053
86213470
71523604
63815240
21035876
76180243
58126340
72564013
15036827
05721834
86451720
27643150
64873502
70481526
51340687
64785031
53672480
40873265
36517240
86132547
62075314
75132860
41270568
85706421
51082436
16243578
21475836
30256718
50346182
35846210
27618453
43150872
21845307
61827043
73162048
21376048
53042867
31587462
08421375
20685431
12876453
65180732
28614053
16750823
35627081
13875204
13872650
41260837
03687145
83657240
28136570
10876452
10436582
68435107
73450812
12837640
03641582
85071234
85061423
63128547
80375142
42678105
15283704
80135476
27634510
86017245
08536241
86431025
58013642
67143025
73640581
82315740
81045273
63408125
20835176
21375846
53248607
47801362
63172054
28130456
80726315
81264503
17254630
86072314
71428065
35170864
74638102
25047168
70152864
40516827
13586042
85731640
02561738
76834025
48672530
87412603
53248160
08342761
74203856
78640213
18475032
86012743
13584620
75306412
53827160
71823546
01524876
57162430
38621540
68703451
37142805
32018574
80621574
40375218
61532870
72346185
70413568
10573486
02743165
80365217
46250738
08147526
71603852
02675483
62058431
23581674
51083476
54810726
34801567
81506743
70512863
82764305
46578103
40312567
37418206
03752681
18540627
08452631
58076142
18605472
43281567
73460125
38452167
21536784
08435172
47253806
12530876
50473268
62504718
15804726
48306215
83167254
40568371
12746503
60823547
72643518
43102876
62581074
82375461
03468725
51806347
36142580
62753018
31867054
37410528
25073164
28163745
41036728
64081753
13867024
12457308
85210736
84536170
57231048
51230684
63254718
52674038
08163752
86310275
52104738
08627135
56073821
42305687
10347528
12564378
48567302
41637285
76401382
07286354
78546123
13784502
12856743
50421786
57328061
40758163
45061837
71082534
54278136
14620837
68745320
61350728
68305247
05371862
01362875
84126703
34850627
35620781
04862753
32071586
42807135
34072851
51842703
46801725
17840653
38405712
87425306
80453176
07462385
76105382
15760832
60178235
74520318
47302186
60751428
63175048
46231508
60258147
63201758
53740862
86124073
08176235
86342751
48537206
67285301
24601378
40573162
32654780
18075264
01372684
57604312
74132058
25068741
58624137
74520361
34820761
53076284
06352471
54823601
18305627
54036217
57186402
28036574
64372581
58312076
71804523
28170364
06537148
65072381
48156730
68172430
03261854
70542381
86053471
05824136
57824310
46325071
46107523
03485716
28361457
50143267
57806432
15824037
73014265
56203418
41257860
17234065
52084713
35481027
02814736
25104873
80657214
63241780
63502487
72036814
71065438
65278410
65820314
25013784
06741532
74260853
48231076
16847305
24518706
26158743
16425807
04832671
87415236
08346275
13650748
46382075
06581742
37246180
24015673
18720465
41532087
04536817
46170285
52730648
31574862
17436802
63518027
28564317
20743586
26813470
71253608
78643512
31072648
03862457
86123047
34681205
68053471
01438725
38420765
13560487
61453287
41826503
83427150
26035148
82713546
24130658
06143725
36785421
10245763
87625034
34265170
25167408
67841035
48675201
23751608
16874305
76845123
20361578
05142367
64735108
45126873
24813760
57261084
60485173
51623748
07481352
37205468
62837045
07852361
86247035
30512786
31604852
74608231
51603748
20365471
47350281
65287031
28017563
64315078
17603254
81403762
17245680
32750164
06147352
08647253
72340861
36172084
80417532
57604318
87105342
38167542
38071642
25138760
56380742
58742603
82350417
57836210
54186732
41807563
82107534
51834760
47310286
63401258
27640518
76804125
27580164
18374562
03847651
08415237
01564283
72436851
20741685
84067523
78456123
01285736
62103478
28061457
42806751
37120846
24078516
26781430
23704158
81423065
48506273
24316785
06715238
05243718
85617420
61587032
25403786
31685204
20461358
61452873
15240378
26451307
34512068
01536482
32580761
80734561
82543607
05126748
35182406
02836174
78643015
23651840
74016528
08217653
45102738
35621804
65038172
01743625
04563812
31640287
57321840
35120684
12567384
83751246
34157826
04867523
36207518
07362458
84163750
34167058
76841032
47185023
45270316
72406581
83710425
76583012
05387624
73450186
45761230
86073412
02361874
07823561
18056347
54786231
07432658
47652183
40162537
87062315
76251804
26071548
50831627
85213047
04768312
28641530
04875621
87641520
35026817
52163740
37462580
87064123
36145870
76354812
32105648
41276380
81057264
17652830
46528713
40216385
57206184
46012578
37502184
65403281
70182365
03164285
48673015
37648215
36750481
38047126
62357148
24853106
21864537
05786132
83465270
25638017
06317845
45103687
83170456
10438652
75314680
50421836
54168320
86415203
60274351
71028546
32804761
41280673
50832647
50834627
17803645
67524130
38054276
78146532
04658712
02145673
46251087
37486512
81605347
42786513
40527136
25746108
14568730
18764320
40136275
73468012
13658240
67381025
76183520
18025764
25714380
65178204
16385702
27105384
02634817
67815302
61503278
82354701
72036485
71254603
08345726
31268475
78601425
23785601
61470528
25183470
84265731
04326851
48702135
20386457
64253108
56127430
75068421
42567813
38701564
18072635
70165238
15024678
51062384
64012738
01547683
25306718
85361704
15786403
13842705
42815367
86253740
51724603
75018346
15703824
21058643
06178425
70135684
34016725
48021635
13056274
45263180
05386721
73024856
56810724
10685743
68205741
48726301
27583106
87162530
78012536
63857240
71364850
20841635
81067432
14257603
47532168
30162854
04231568
64830751
18430762
71062435
53460712
87126354
14253087
85263017
24851706
78156423
18207546
50841276
76218043
81637542
86723401
03475268
85624137
25071463
81243765
60317485
63412580
27810534
64152038
20367158
35870416
34207186
50817243
25786013
05613784
58742310
45732180
01258643
70352618
28067153
83714652
82715360
70246381
32816407
14735086
65837201
17856042
03751268
67034185
30147285
18604253
30548672
27654180
51862703
56478320
45306217
85607341
10627345
18362074
34752160
01547682
30516742
73481650
54378120
48231650
26581347
68132045
34510287
25874316
24670835
15840276
13768520
45371206
64857013
08365217
20615847
72351680
38512046
07862341
06247183
18504627
76041523
07154263
76031825
40523761
45268017
07536148
60284573
32041678
50864327
82543701
34015827
07315486
80671524
42863705
61435728
62350841
36072485
32864571
51623084
10856724
18270354
10632748
23504871
14563278
80147326
50274368
87604235
12603478
64235017
50264837
17452608
30651782
47215806
51238476
78240615
10327685
43507826
36415827
16205748
10678452
72843106
76435820
15034276
62081753
68314072
62140857
80534217
21507368
71062543
82740613
07852614
87410652
14072685
20513486
56317042
37465128
63152708
82607145
85142036
23560418
25640813
41385072
70348156
62310458
20746518
83045176
76081325
43652087
35267148
84136072
73564208
07231458
05263148
51834267
56743120
86734105
76285304
36128075
62347850
16837042
10574326
08127536
24053178
60147238
03628475
74832150
56813720
36407258
21786540
81403265
28731560
71308456
12784305
58312460
20165834
24837056
03712546
62810534
07261483
30452168
28173604
62158703
43875602
36415078
48672103
06427518
07452836
26403875
04238751
10684523
74812356
12853760
78036451
07538426
32845176
51326740
56182407
50247816
64305281
18243506
03826514
75630281
62301784
21648035
05438261
67520134
03741285
25638074
54081637
57861432
17348250
80642157
74823051
74085361
04158267
60735482
42051867
72301658
61705834
25314086
72843615
18072345
03482671
72683541
54708632
68725430
43172058
25178046
25764310
36407218
37564201
08462713
36521847
35608714
57832160
48720351
52146730
13820647
42385076
67240183
47652813
10375648
27860145
65143802
05683472
50438726
36450827
82571064
45213687
05438126
50314628
40827351
70135624
75023861
36281475
12437568
04716235
35048167
10682753
24810657
67302851
17624530
10452863
64758123
81456702
86743510
42687130
64817052
53670182
07481253
48635012
78356142
43805721
58413720
42753168
06735241
23548017
24076815
20376485
17456382
41362508
53274108
05148263
17486530
30548271
32568170
12845607
35106274
26174583
81263754
06582471
57123408
14503286
17304826
46031287
72046358
60512387
76843510
80345712
51726308
23165087
20786135
32741065
75463820
75038462
10875642
75834126
21857064
05841763
16804253
63852417
08154362
02381546
31054286
42031578
43021786
04628175
72816035
26450183
76135024
84732561
17850364
43628071
48136057
41250837
27430861
87402651
57130642
25061438
71306458
16324870
75483120
34152760
63712840
78241635
08614723
36485120
02768143
16034582
80341765
63204578
64807135
14780523
01348275
36487052
61520384
05372641
48102736
05278436
01534768
42163857
05831627
80365127
36475810
62437801
10245736
51602783
75638102
27308465
50734821
82047165
64371205
54807163
34657120
51062847
52416378
43120876
15278364
41273608
38045271
84672351
81752460
18246370
24318570
07358164
20156374
20834167
73862014
60874132
03814572
73516840
74813602
72543608
41085723
38624510
70586134
21764308
81326075
17652038
72406138
72036584
15678423
61852740
38476052
48170362
74536128
73512860
85617032
62138540
31508264
57106248
23461578
15270836
42136057
48256317
34860271
25483760
05741682
28750631
64572130
70165384
45261308
52814067
35816420
05847621
43527081
16827540
63572841
04387512
78431206
46105837
52804713
60432758
41756203
45028317
36025748
83642075
83124570
54738612
36280174
08435172
64850213
87054162
18237560
46812570
46873102
10436285
63172458
13085426
05681237
57214380
18576302
50768234
35807126
81035247
60154372
04826715
61804723
52730841
53216704
64537082
21386470
54312786
70284561
32160847
03568124
12506874
52618743
12873546
81452037
80152473
16427503
42836705
40237856
25103786
35840721
30582671
85376412
17582463
47328150
58032146
14583270
74162385
86543217
38567041
76582410
23478651
06175283
83521670
13546028
86725401
10274536
73481620
46570231
05316482
35426817
63507821
57028614
40358217
47260531
65108347
13825476
18735062
26743085
13527486
48053127
28157430
87201564
01685324
84105732
80647125
03186542
47203685
47102856
41652780
18570462
03528764
62508173
52873046
04382675
61758024
17863540
73284610
74285310
43256701
06837421
01734856
53841672
27851406
67832405
38520714
78526103
83217604
43816270
32041675
07356428
13620475
67052431
71843260
35680271
43276801
70542183
12850647
32651087
81052376
53647280
02738465
01563847
15230684
37240168
48027163
02816573
53186407
14352087
70453281
45273081
16024785
53087142
53672480
57320461
56742013
61587240
85314607
05718326
74861350
21508634
07132465
17628530
47683521
51782360
64187230
40783256
12307854
74183025
54178306
81625347
80375642
52761430
68173245
17806354
53280764
84250673
61054378
63487052
86401372
08241563
13682507
67813402
71362485
73216850
51367482
40786123
87645320
73615204
17084653
65318240
64325178
53268174
04837152
54726031
32560148
54107328
65382174
08461752
26175843
07268315
63815047
30187465
17325684
10458736
38467150
13257640
37028415
53781604
18320647
17286453
12653807
65031427
34215876
20458136
28164750
12460857
75623840
47605821
46701238
20315648
04728136
26478031
62413870
26783501
78350261
20768413
51638702
61705342
17408562
28410637
23645780
04823716
78452306
85736401
34760215
38267510
43685102
65201437
13874625
50782634
18052473
47015826
67014538
31578406
86513720
41358270
03672415
38415670
61783425
36148527
43618752
12346508
17628035
87341562
28340576
01627345
74035281
31407265
38062417
01657824
23568140
28450163
68354271
13487026
28103645
48620751
57134286
42316075
34751026
15847302
71528406
12740653
38205174
62540731
16420875
16734082
50642713
04513786
53176420
36581740
06145287
86734215
05713482
65028471
20817364
30254681
08241567
05416278
10835426
02583164
01548326
08514372
26370584
65341082
53270846
81572360
83612750
70435816
28056174
45167802
87354162
53480176
62351847
52086437
06784513
01276348
21034867
27368501
83024756
15046783
24657138
42783561
50714368
62741850
46857310
05623187
57623148
58734260
53106742
04175362
68312745
54716832
37154826
73861054
83601257
87041536
53018762
83546710
14735860
48137602
71438650
82071543
07534812
03875614
30576241
46581203
06872431
23104578
50482613
81654372
30752861
86731425
42713580
05674231
70325164
50384126
67142085
73842065
18435760
58036147
70136425
86204371
43765081
34205816
51370468
84602713
85170324
16348705
40562138
30285416
01453876
12753486
52367184
15764023
46750813
67254130
81320476
07625483
17246083
46185327
32175608
31572084
38401752
52410376
65148032
03251746
12038564
38015762
64852017
80267154
34826571
31276584
31240765
10536782
26847053
81302574
46231570
16850472
30864715
20148357
23805146
30456712
43785601
75806324
67153284
14852630
60534287
34752610
71286403
35614278
36104287
20175634
18362075
46528730
83410765
73605824
15806472
17803542
36785421
07532614
67503821
83405261
64823170
20517348
84263105
83471206
75846310
30782461
75341280
68315072
03675148
73548026
24105863
46032187
62480175
01253467
28513407
72384560
50874362
14823765
15847302
24156037
26570148
83106572
14023856
18740562
61850374
68027143
36014275
23140867
62815703
78241506
04261583
85236701
53087641
83527416
82041635
76508241
43012856
62305471
02873146
48270651
64371082
75403862
24380715
36274501
23157460
28670541
73082514
83762405
06513478
85673021
42053816
35742180
68731425
71032584
05842731
27641803
86570132
42361058
84261305
54876032
13087246
08537241
15243670
05278134
20463718
35274618
73086241
58402631
51840237
50426137
65841720
76420153
68713045
27438615
15760348
83407615
20547638
87405261
24186730
70825463
30518642
62781534
14708532
82654730
54213780
80263714
45182367
04312567
42580371
80672415
14230857
57413068
17463025
84631052
30647512
12084576
05368172
62438170
13047528
40865371
52843016
10873542
60851724
18042735
08752641
67048325
23015476
01452386
45310762
53872146
46370182
57083162
71082436
57436821
83610542
02165384
76450813
15763084
14356078
45026781
82067543
01637824
41508732
68240751
71648203
60875413
02456873
50361742
13470586
82467503
63481527
43816570
75342610
01452687
58261304
56341782
25317840
23681754
08745261
61083247
15673420
53401728
53062817
50682314
57648013
86042375
04238756
50347862
63572048
38475216
70153824
52317460
05324187
54730218
56048132
67342815
36042187
56372804
21863075
75362401
56302841
34510276
31084275
54610278
32046587
21563807
25307618
25810473
13485602
63470518
84125376
65124703
06381275
63784125
50138476
85420367
03268417
06574813
46083715
14863025
52018647
80631425
37285140
65420738
12805673
74821356
43087125
74823651
62305178
20814756
16357842
54632780
25864037
65317842
50213486
14235876
76510348
36258714
76053214
34718065
57834610
04852371
72158340
72658310
50836274
38701524
57362840
37128405
03721546
16257830
04812736
07263458
60548372
04836152
37415620
40236185
12835670
83567401
21047386
24307651
82075164
84316520
43017862
36402715
80435172
68450237
50421873
86417203
32750684
73420518
57826431
37481560
87106453
52761308
06512748
43876051
76104582
05346721
40582736
01634287
57803241
82371065
50748631
81257430
50713628
24135670
82751064
72468310
17203584
71458023
10735842
27580146
01473265
08235716
65783104
68540372
50437216
63581724
04216587
80743512
13086527
17346205
37156820
47601823
50263487
84061372
37582046
27163405
53614870
04862731
31782406
80764153
78621530
27140653
61385402
34276150
05786342
62835471
15708326
14657320
17284653
84075631
17264853
32458716
75613408
62378051
26738015
63704812
63142758
42631857
43768205
57214038
62734158
71682430
81450236
82630154
45076231
64825130
04782516
32458106
67043251
87142305
28140653
70613582
61203758
56308721
52068371
25630741
65438170
76082514
31605728
73420156
78435260
40671385
52376084
48637125
18504672
52610487
24153680
46152803
48251063
72536804
34512870
62018453
83501264
26157843
62704851
52146708
37254680
58016372
15204387
27413605
57628340
05648321
32017456
23781645
28471536
34752108
48653072
42568371
15873460
72463801
80753614
03612478
46315207
71482605
13028645
18403672
54317026
48537126
17043582
25430187
18365702
76821034
06312485
57648231
34182056
42865103
81260753
07348165
34187520
01623584
24613507
04362815
71385420
36251780
16284037
14783265
06857124
68051743
25874361
62308451
38452610
73285604
36085412
15372064
36021874
50371468
85072361
58432706
02476158
30645728
30514762
64731805
86712340
37824561
06457218
63457028
23756480
37614258
03418527
80672153
62108534
87342015
08164732
30671854
51086732
17405328
72840136
23405678
50684321
14360285
46182075
53780624
40267158
10453267
07214563
46251380
01736258
40652718
07643185
03476528
42806751
38517042
87420361
31786542
12530846
76805143
63185047
62580341
82763410
51608234
28361405
28031576
48256031
72834051
56271048
01864723
52174630
12068534
53084726
60582471
68152730
72035148
80716342
14076823
67152834
87652403
80417352
31865247
26013457
72481536
42670158
30725148
24108567
84217563
68074351
38062754
14025678
03421586
28543710
28753164
80721435
04823651
57362014
83107254
04687315
83460127
17824605
47016523
60738512
42875036
28403657
87231064
31468207
54732680
15702436
08325674
38475601
32168507
37862410
32541076
82176034
85276310
34670218
45602783
83064175
68231047
17543862
87312405
02437165
43870615
01286534
62804175
30514728
68420371
16278430
81306542
71842036
68723014
25036748
20513648
53127846
12034687
17638204
36582104
48673510
41032785
62103748
81573604
76054813
57836402
20534817
82604713
84621537
05843712
24036871
41720386
05647312
21576438
32458061
68415023
32516748
05231784
34852701
61287534
78364250
57031648
45672801
47618305
40587623
78250364
18365072
16452730
18620745
40627315
15047823
52384706
10857426
56071843
75340812
41370652
71046385
54821063
15748260
07281465
17253648
72134065
02863457
83527401
62354071
35182046
30582617
72638015
12683705
05786234
60437528
63540827
87034625
23670154
74318065
16208743
37041562
48627503
18430625
07316285
37580624
65143872
81452760
24130867
06784325
07261843
60135742
67583024
47506132
56741820
04235718
42137680
12406873
34620178
05264713
70381642
53102768
51803472
01725846
63104258
85423670
45120368
38241570
71452306
71806235
16805247
10654738
38564710
47823016
78251630
46027815
13240567
60745831
20438657
81352406
48306157
42063851
30421786
86402513
50132684
85701364
26137085
06142835
52176348
78624105
02418563
04362871
35421780
84260731
45782361
61578023
71625834
70631285
85210674
56821370
47521063
81526347
14305267
31405782
78564210
65032874
68105274
71245360
72864051
08624351
16382705
87120653
78245013
01843627
42768051
67201538
28635140
04386517
31428560
53128764
23107548
72081543
58326170
06427381
27081645
25361784
14876053
64087231
05483176
46375120
03178652
26548107
56134208
60243715
52347681
36281754
72046835
62754108
45162780
16478532
76148532
13865247
01435287
54128607
72846015
17604352
68041273
63581472
67041528
10437652
16830524
26415730
71504836
51324078
83610475
10347256
76385142
12074635
76453182
82503174
70183642
51730268
37856142
50261473
20546317
40812573
28403176
74562310
53086127
40835271
76518034
46031572
20681734
72815406
75203186
31042685
20783456
57623108
81056723
14652708
27638014
57342081
38270145
85074236
16357428
32701685
25136804
86024513
68407513
58417362
46082713
24357018
30165478
71283460
05612347
20438165
02764138
24875631
82354167
20617385
24816703
62385140
62375841
20731654
08674521
38517640
47605328
84157023
85067432
46135870
78213456
46835210
45031827
12046738
16475302
12078436
53782604
74802315
43762510
13854062
60381452
68154730
18602574
08256374
23175608
54128673
64731805
61543807
87102634
48352167
40283176
12506483
75208164
83104562
13065487
78651042
25671804
04513782
34718256
23750486
52467810
13245076
30248615
70863254
84270153
51826470
61850237
58217364
15067234
64082375
65138742
32507468
81750234
24805613
65732840
17436520
74182605
02375164
87246035
07642518
20437561
76018345
70531624
68713520
23508467
36810574
28605741
15207863
08147623
57180463
17348560
43078152
40715382
47526381
76834012
47356012
24810536
43657108
35702164
37512680
41053278
82175603
28051467
64310582
68023517
21465378
74821356
21064538
68127403
46103528
17324085
71268345
81507632
57016234
51738042
65243087
38617402
23640815
10847325
06487321
68740123
43712806
58321074
54126083
60127345
07385241
43801627
04368275
64780135
80642731
02614578
15243870
60215738
32168470
54163708
73106284
76143850
53178240
70136524
73640281
63057812
80645731
47213568
17028456
70824516
10346287
83201765
18734506
47168053
83261045
68413207
68741032
15286730
84203576
53147802
15263408
01652478
40513678
74208356
52876430
78053462
58460317
07213846
52810674
01845327
81274365
28357160
50463812
10532674
80365271
06348217
51604837
50182734
42586703
37286145
21785604
53108276
57836140
60472831
24538106
02143867
15370284
18453720
02367458
41630852
05174683
80125764
72840516
60871325
31405682
54863012
61483572
16387254
23741860
13805276
14280635
10236758
07638412
30765482
43612785
67521480
05271634
20653814
54786312
14378562
27564813
42861703
25384610
73642185
34601572
41573862
56403217
82543076
64153027
54368027
25078431
86250137
74051623
12054738
34185206
06534712
83051624
65207413
68350247
56307284
51786204
47263501
57341602
63145702
68230547
12587064
46831705
36407518
17358240
05782314
31620875
12753046
12378406
46071523
05246318
75312468
28614735
50831247
13526048
87046513
72306854
72146583
65704183
35407268
45627018
32180756
03416827
16320457
25137486
38415672
82453710
37056824
30625147
85704362
43605127
15472803
12630758
32561078
40756231
37146580
64310875
57180324
72504186
78205631
21734506
64307812
76813045
86574132
57602418
82047136
62517840
56320741
28317504
25678314
35701824
67412308
28450136
27514863
18524637
02768435
10576428
50263814
35781426
30421586
47126508
02184576
85314260
80475162
75128346
82530674
20347156
82354706
50628734
21305768
02163485
76312054
53186740
57083241
60824135
14207865
68475012
05462713
68057124
61307458
02318574
03874256
53867401
18503427
80413625
67854201
17234058
76084123
51608472
06451382
63127485
10386257
01386245
54708236
26354718
62453017
32045176
10563824
06524781
20618543
78012643
26741830
80643571
72416850
43160257
26781350
47520638
46580132
60712584
76812530
47805612
35076842
73684250
51820437
17680523
20578463
73641820
51730824
71653248
18436052
52608374
43210567
05762438
60854231
43156082
53720846
52416730
73620841
74321856
27483560
24385601
60478325
28705436
40631758
81704263
54632780
53106742
31704256
56047831
01657248
26831504
35078261
16502734
56402378
43170285
73821654
50681243
24710568
73426058
86013472
51437862
75624103
26507138
45170632
52768043
72068341
21436078
38672051
30218465
27164083
48537260
23618074
15382704
27835046
78531264
81350246
02738165
70861354
20846137
26140738
64028315
14387502
21750843
87023451
86540732
83640715
61508732
38176025
38051764
87254361
34861502
43856217
68710425
56032817
83074612
17283504
72350416
84021763
25683170
28410657
14836257
86431527
06438517
14583276
20154683
04235681
18256037
41273856
64153072
20517348
16385047
50832174
37246081
63148725
78056243
70231468
40587132
24713586
52418037
83615207
53018642
76014823
71540863
67012385
24513678
68012347
60184573
46375812
74138562
75023416
85210673
62435807
16425738
01643752
32401567
50427831
35721406
86340251
15023684
50317682
61537028
12375846
13540286
06451738
20587163
34025871
04576318
08154672
54817362
53718460
35061478
65748213
37681240
15784263
64731250
62807451
80561374
51782036
38470526
45621873
73156284
63071254
53017468
06148537
53416207
15682047
78135240
74613205
63805471
48762510
84251376
12730684
58320164
26037148
45720836
52647130
60472853
58746012
58670132
63841570
42856703
12563874
36725410
74652803
32485017
56842703
72054386
60572314
14073628
60435127
42183056
50374216
47103256
36178042
03287541
41782306
72051386
37420816
30581672
74836510
71863450
67813520
06482357
03486175
03421567
12874650
78612534
25431860
45068132
21305746
02586347
81367405
61473258
81307265
31684702
78310526
01624375
14506732
74068153
62845710
54137602
38521074
81750642
10528764
71560432
36108754
26750431
61857304
75821036
34602158
37216408
50281634
26510487
30186247
85310642
82413067
37260851
24175360
72140638
16802574
86054127
57264381
16034857
06471285
18246730
65713248
10623485
01234685
06485172
32867450
82157643
72315804
42073816
65713204
73026154
36472180
08651247
12756403
41258370
75826410
36704518
53684270
16405372
58734201
05617483
17638450
36152087
03681257
24531708
51302874
76382105
27086531
27018365
52310784
85143607
52713460
16205784
75403218
63840721
70362148
18274630
62781035
36487102
83451276
57264018
78142653
14860527
62473501
20618354
74031685
34816257
07546231
25341870
56710328
42736851
08274513
64780351
08327564
78054321
26831057
18560324
83125064
21503748
21530847
45682130
06473812
08137425
02846753
57832160
50126374
80741523
85140762
17284063
32450687
35871246
23081764
83620745
05726438
06821543
78204136
76413520
27316458
12043576
80374261
18362540
46570213
82015634
20378465
31872546
18265740
64312087
30856741
65874012
47831206
75362180
43516728
46315720
05468372
45283017
73450812
21735086
57816420
23416875
12635804
43657201
67340285
46832501
41208765
41026387
47581302
16724308
78453016
36148275
28731045
61752830
70352146
23415876
83765241
86734521
68310427
14320865
24038175
05324681
42360178
02176384
61052437
18670234
10742863
60452738
07683124
38147260
70243158
51236048
50423687
27348516
42371860
85024371
03754612
30641587
63504821
12508763
53670248
48352716
80671243
37261504
48375260
36854710
06275134
74018563
82064517
81657203
83571064
48052173
75081264
72634581
83076542
51762480
05678324
20651384
67340185
82046315
57634280
78450213
80364752
64078321
71543268
35701248
78341206
26780145
37654820
20548736
68032715
67158203
65170348
53426710
83672014
38271065
52316870
63481527
78023156
15420687
82370614
52783461
70532841
51372806
51368702
42508167
25068437
75860124
74530186
03754261
36458102
10825346
10632875
53026418
45786031
32874065
52460783
13504726
16725038
52738016
05123847
25871640
82065431
10284375
75432810
51706234
47501328
03451278
50321648
16735482
32014756
51682437
23014786
24617850
38627041
23076541
71824306
27803541
06582437
78465310
16078345
56480172
78601423
15867240
50732864
81254036
16475832
71640385
38751604
37261450
02681357
32401567
67803152
25064317
76813052
24037561
15342687
53278160
38245706
71045236
50438127
71053862
45618037
37640582
70254863
16437205
02358176
40312867
25316874
80614257
02376845
28703514
87352604
75162403
63084172
10426573
84675102
78213056
41625087
38067452
42831506
18520467
14652738
75364810
30756281
13685742
12568047
12465083
70518364
18756032
48371206
78064532
86102534
87120634
35284107
12486305
47528613
01285674
87102564
80143672
68530174
80564172
74523680
40631275
14865032
85346271
37804652
83175604
85726340
08176523
52610873
73185426
84172350
82746135
54368120
81365270
67301485
50437186
76825034
83147650
12350768
50462137
57318042
60457823
06142538
10432568
05126874
37581046
72604385
61547308
01743528
43875602
38167402
45702861
27358601
06578321
61432705
08413526
18624075
82750461
35217046
58607214
51782036
07852361
10763485
72854163
46387015
80147365
82476103
07513286
86315742
37816524
86072351
32084675
56720418
34017586
58027436
62014758
12456738
40186723
13028654
23804516
53420618
35408627
10634725
53762184
78614320
81045362
14057368
27304518
21850476
08217453
84713026
53706812
27416350
37480621
85701624
02581374
68510437
41385062
82736541
63781024
35876240
20547836
27635810
26157348
73452068
52687403
03124658
12763504
61573024
07342615
76804125
23045871
16425037
85346017
35702461
60218453
53068124
72108546
81234567
63502817
06218537
08572164
52403716
35862174
32406517
21403875
46320851
01675324
38740261
51078632
63852407
72510436
80642751
63457210
83621740
05764381
84762531
72610834
63217805
04852713
54780213
30567184
48521037
46805273
70513264
64508713
80617354
20174365
10673854
21653407
31654280
07162845
64350872
67841352
06738541
24573106
56024317
68125074
40862731
10487253
86410325
10462375
46531028
03174682
12654387
37246085
75308641
24367810
16473850
18276304
